1.200138	-343.549497206704	1.200152	-395.02625698324	1.200137	-21.1814699331849	1.20014	-0.0469788182831661	
1.180117	-333.340335195531	1.180121	-280.988491620112	1.180114	-13.7351002227171	1.180121	-0.0466666666666667	
1.160132	-323.70938547486	1.160131	-226.28	1.16013	-13.7658240534521	1.160133	-0.0464659977703456	
1.140119	-314.458882681564	1.140118	-188.350391061453	1.140113	-9.32807349665924	1.14012	-0.0462207357859532	
1.120097	-305.523240223464	1.120096	-157.526368715084	1.120092	-5.15956570155902	1.120099	-0.0459977703455964	
1.100079	-296.974301675978	1.100076	-131.567597765363	1.100074	-2.00910913140312	1.10008	-0.0458639910813824	
1.080063	-288.735642458101	1.080064	-47.9805474860335	1.080053	2.51867483296214	1.080064	-0.0457190635451505	
1.060064	-280.828603351955	1.060067	-42.1250726256983	1.060058	3.46248329621381	1.060067	-0.0457748049052397	
1.040101	-273.288603351955	1.040103	-35.405061452514	1.040095	6.10291759465479	1.040104	-0.0457748049052397	
1.020103	-266.01530726257	1.020104	-28.4288826815642	1.020101	12.1152227171492	1.020106	-0.04561872909699	
1.000113	-259.054078212291	1.000112	-21.5062346368715	1.000104	13.0514587973274	1.000116	-0.0454626532887402	
0.9801157	-252.322569832402	0.9801138	-14.8691843575419	0.9801072	13.7057349665924	0.9801192	-0.0453065774804905	
0.9601187	-245.781117318436	0.9601157	-1.8591061452514	0.9601097	14.8321380846325	0.9601222	-0.0452396878483835	
0.9401419	-239.422234636872	0.9401384	-0.142536312849162	0.9401321	15.864420935412	0.9401453	-0.0450947603121516	
0.9201187	-233.208715083799	0.9201159	-0.00147486033519553	0.9201099	16.6828730512249	0.9201211	-0.0449052396878484	
0.9000942	-227.172067039106	0.9000908	-0.000111731843575419	0.9000874	17.2813363028953	0.9000993	-0.044860646599777	
0.8800802	-221.302011173184	0.8800737	0.00131843575418994	0.880073	17.8211915367483	0.8800842	-0.0446934225195095	
0.8600596	-215.436089385475	0.8600529	0.0028268156424581	0.8600509	18.4532071269488	0.8600627	-0.0445819397993311	
0.8400353	-209.651284916201	0.8400257	0.0043463687150838	0.8400279	18.9492427616926	0.8400391	-0.0446488294314381	
0.8200456	-203.977988826816	0.8200328	0.00588826815642458	0.8200389	19.2536748329621	0.8200492	-0.0444816053511706	
0.8000388	-198.343463687151	0.800026	0.0074413407821229	0.8000298	19.526714922049	0.8000429	-0.0443701226309922	
0.7800444	-192.703463687151	0.7800295	0.00902793296089385	0.7800369	19.7970712694877	0.7800494	-0.0441583054626533	
0.7600517	-187.175865921788	0.7611066	0.0105921787709497	0.7600445	20.0759242761693	0.7600574	-0.0439799331103679	
0.7400635	-181.575418994413	0.7400472	9.25775418994414	0.7400569	20.2733073496659	0.7400686	-0.0438573021181717	
0.7201035	-176.013631284916	0.7201184	10.4425810055866	0.7200954	20.3845100222717	0.7201087	-0.0437123745819398	
0.7001101	-170.480782122905	0.7001044	21.1960335195531	0.7001035	20.4470267260579	0.700114	-0.0435340022296544	
0.6801132	-164.942569832402	0.6801076	21.2896312849162	0.6801077	20.5638418708241	0.6801189	-0.0433667781493868	
0.6600966	-159.406815642458	0.6600912	21.3416312849162	0.6600904	20.6796881959911	0.6601016	-0.0432775919732441	
0.6400757	-153.92905027933	0.6400701	21.387374301676	0.6400689	20.7785077951002	0.6400808	-0.0432998885172798	
0.6200528	-148.364469273743	0.6200459	21.4251955307263	0.6200472	20.8530066815145	0.6200578	-0.0431995540691193	
0.6000699	-142.914189944134	0.600065	21.4594525139665	0.6000649	20.9122494432071	0.6000767	-0.0430211817168339	
0.5800499	-137.416424581006	0.5800433	21.4575754189944	0.5800437	20.9781514476615	0.5800546	-0.042742474916388	
0.5600263	-131.940558659218	0.5600205	21.3968491620112	0.5600211	21.0083184855234	0.560032	-0.0425641025641026	
0.540002	-126.464469273743	0.5399949	21.428312849162	0.5399947	21.0454677060134	0.5400065	-0.042329988851728	
0.5200045	-120.945251396648	0.5199993	21.4659441340782	0.5199993	21.05785077951	0.5200099	-0.0420512820512821	
0.5000457	-115.467262569832	0.5000401	21.5678212290503	0.5000385	21.0971714922049	0.500051	-0.0418840579710145	
0.4800676	-110.055340782123	0.4800456	21.5555865921788	0.4800465	21.1541648106904	0.4800572	-0.0414158305462653	
0.4600803	-104.531351955307	0.4600609	21.5108379888268	0.4600596	21.1403674832962	0.4600705	-0.0407803790412486	
0.4400853	-99.078156424581	0.440066	21.474312849162	0.4400648	21.1119599109131	0.4400764	-0.0400557413600892	
0.4200904	-93.645374301676	0.4200718	21.5129832402235	0.4200695	21.0991648106904	0.4200817	-0.0390301003344482	
0.4001257	-88.1782458100559	0.4001065	21.5448268156425	0.4001066	21.1408017817372	0.4001171	-0.0377034559643255	
0.380104	-82.6757318435754	0.3800893	21.507061452514	0.3800884	21.2051781737194	0.3800986	-0.0356967670011148	
0.3600831	-77.1872513966481	0.3600672	21.4268268156425	0.3600675	21.2224832962138	0.3600772	-0.0331438127090301	
0.3400633	-71.7098770949721	0.3400491	21.3547262569832	0.3400483	21.2190979955457	0.3400578	-0.0290523968784838	
0.320051	-66.2263910614525	0.3200373	21.4718324022346	0.3200361	21.1399777282851	0.320043	-0.0229988851727982	
0.3000296	-60.7961787709497	0.3000155	21.5511955307263	0.3000161	21.1821380846325	0.300021	-0.0141694537346711	
0.2800435	-55.3025698324022	0.2800314	21.5191955307263	0.2800305	21.2494877505568	0.2800343	-0.00609810479375697	
0.2600261	-49.8157206703911	0.2600148	21.4872849162011	0.2600147	21.2709354120267	0.2606269	0.0117056856187291	
0.2400312	-44.3461005586592	0.2400222	21.4478770949721	0.2400219	21.1823942093541	0.2400191	0.0333221850613155	
0.2200385	-38.8847597765363	0.2200278	21.4834078212291	0.2200281	21.1907126948775	0.2200184	0.0789966555183946	
0.2000417	-33.4333072625698	0.2000334	21.5458547486034	0.2000331	21.2227394209354	0.2000351	0.13066889632107	
0.1800902	-27.9724357541899	0.1800819	21.5865586592179	0.1800822	21.2731625835189	0.1800826	0.237257525083612	
0.1600964	-22.4571731843575	0.1600903	21.5304134078212	0.1600899	21.2978173719376	0.1600879	0.397558528428094	
0.1401011	-16.9950391061453	0.140094	21.5561452513967	0.140093	21.3248218262806	0.1400898	0.641516164994426	
0.1200926	-11.5691620111732	0.1200872	21.5541899441341	0.1200867	21.3065033407572	0.120078	0.99984392419175	
0.1000806	-6.2211843575419	0.1000656	21.5588938547486	0.1000661	21.2814587973274	0.1000691	1.4552508361204	
0.08005263	-0.572256983240223	0.08004497	21.5923351955307	0.08004379	21.2748329621381	0.08004703	2.16198439241918	
0.06006162	4.61997765363129	0.06006372	21.5995195530726	0.06006477	21.2505345211581	0.06006397	3.05915273132664	
0.04003327	10.2436201117318	0.0400408	21.6245698324022	0.04004301	21.2647438752784	0.04004187	4.16697881828317	
0.02002325	15.803843575419	0.02002112	21.5932737430168	0.02002271	21.3033853006682	0.02001921	5.45596432552954	
-2.376E-06	21.2121229050279	-2.452E-06	21.5649162011173	-2.833E-06	21.3081625835189	-7.169E-06	6.89962095875139	
-0.02005958	26.747217877095	-0.02006026	21.5436648044693	-0.02005851	21.335868596882	-0.02007136	8.43437012263099	
-0.04008373	32.2641117318436	-0.04008305	21.5518659217877	-0.0400809	21.3416146993318	-0.04009904	10.0073467112598	
-0.06010721	37.6766815642458	-0.06010471	21.5784581005587	-0.0601044	21.330991091314	-0.06012537	11.5620289855072	
-0.08009043	43.1149608938548	-0.08008669	21.594469273743	-0.08008541	21.3008240534521	-0.08008304	12.8563433667781	
-0.1001153	48.6235083798883	-0.1001112	21.5421229050279	-0.1001092	21.3593875278396	-0.1001079	14.3029431438127	
-0.1201402	54.1632290502793	-0.1201351	21.5179888268156	-0.1201333	21.3801559020045	-0.1201314	15.5053400222965	
-0.1401516	59.6454972067039	-0.1401448	21.5703910614525	-0.1401442	21.325723830735	-0.1401427	16.498751393534	
-0.1601495	65.0363351955307	-0.1601413	21.5276536312849	-0.1601394	21.3010244988864	-0.1601386	17.2944147157191	
-0.1801133	70.4034413407821	-0.1801047	21.479687150838	-0.1801028	21.323285077951	-0.1801016	17.984347826087	
-0.2000996	75.8846033519553	-0.2000896	21.4809832402235	-0.2000878	21.3880734966592	-0.2000877	18.5814269788183	
-0.2000997	75.8974413407821	-0.2000884	21.4899217877095	-0.2000871	21.3746436525612	-0.200087	18.4593088071349	
-0.1801144	70.3859106145251	-0.1801021	21.4637430167598	-0.1801023	21.3401336302895	-0.1801019	17.7963879598662	
-0.1601508	64.912	-0.1601395	21.4509162011173	-0.1601406	21.2732293986637	-0.1601382	17.0824637681159	
-0.140153	59.4863575418994	-0.1401428	21.3969608938548	-0.1401445	21.2268374164811	-0.1401423	16.2765997770346	
-0.1201406	54.0234748603352	-0.1201335	21.3474748603352	-0.1201329	21.230723830735	-0.1201314	15.3041025641026	
-0.1001156	48.5573407821229	-0.1001095	21.3596536312849	-0.1001096	21.2689420935412	-0.1001078	14.1365551839465	
-0.08009011	43.0563240223464	-0.0800852	21.3071173184358	-0.0800851	21.3142204899777	-0.08008362	12.8059197324415	
-0.06010675	37.5433519553073	-0.06010312	21.3069608938548	-0.06010318	21.3143763919822	-0.06010118	11.3780156075808	
-0.04008386	32.0699553072626	-0.04008161	21.3090167597765	-0.04008168	21.2283296213808	-0.04009758	9.97260869565217	
-0.02005897	26.6314525139665	-0.02005889	21.2449832402235	-0.02005774	21.0905233853007	-0.02007076	8.30542920847269	
-3.6078E-05	21.1645363128492	-3.6078E-05	21.1908603351955	-3.6002E-05	21.1262026726058	-4.5588E-05	6.76384615384615	
0.02002363	15.699530726257	0.02002309	21.1587597765363	0.02002286	21.1945879732739	0.02002004	5.31445930880713	
0.0400329	10.2595530726257	0.04004309	21.1436759776536	0.04004369	21.2128062360802	0.0400425	4.00853957636566	
0.06006096	4.76601117318436	0.06006474	21.0931843575419	0.0600649	21.131425389755	0.06006489	2.8955629877369	
0.0800562	-0.708245810055866	0.08004641	21.0113407821229	0.08004551	21.099153674833	0.08004764	2.00022296544036	
0.1000801	-6.18814525139665	0.1000672	21.0200335195531	0.1000683	21.0866146993318	0.1000698	1.31953177257525	
0.1201101	-11.6561117318436	0.1200879	20.986312849162	0.1200895	21.236280623608	0.1200797	0.849375696767001	
0.1401015	-17.108312849162	0.1400968	20.9520335195531	0.140096	21.2475167037862	0.1400926	0.499988851727982	
0.1600972	-22.5659888268156	0.1600917	20.8263351955307	0.1600924	21.1534187082405	0.1600909	0.289921962095875	
0.180091	-28.105530726257	0.1800842	20.7568603351955	0.1800833	21.0814922048998	0.1800856	0.159832775919732	
0.2000422	-33.5474189944134	0.2000353	20.6565251396648	0.2000351	21.0477951002227	0.2000266	0.085139353400223	
0.2200387	-39.0388268156425	0.2200304	20.3587039106145	0.220031	21.1446770601336	0.2200301	0.0323188405797101	
0.240032	-44.5065698324022	0.2400232	20.0096648044693	0.2400221	21.2037305122494	0.2400216	0.00490523968784838	
0.2600267	-49.9388156424581	0.2600158	19.6095865921788	0.2600154	21.1282516703786	0.2600219	-0.0131326644370123	
0.2800443	-55.4042011173184	0.2800331	19.0973854748603	0.2800325	21.0364365256125	0.2800411	-0.0256075808249721	
0.3000303	-60.9522793296089	0.3000186	18.2395418994413	0.3000169	21.023285077951	0.3000256	-0.032463768115942	
0.3200517	-66.4676536312849	0.3200394	17.1548603351955	0.3200381	21.0537305122494	0.3200476	-0.0365997770345596	
0.3400653	-71.9324469273743	0.3400541	15.880748603352	0.3400506	21.0789977728285	0.3400601	-0.039108138238573	
0.360084	-77.3924804469274	0.3600718	14.3445139664804	0.3600681	21.0633407572383	0.3600791	-0.0406688963210702	
0.3801054	-82.85956424581	0.3800919	12.5620223463687	0.3800908	21.0232405345212	0.3800997	-0.0417614269788183	
0.4001259	-88.3489944134078	0.4001123	3.24543016759777	0.400108	20.94429844098	0.4001188	-0.0423522853957637	
0.4200909	-93.8266480446927	0.4200739	3.18027932960894	0.4200713	20.9460356347439	0.4200831	-0.0428428093645485	
0.4400854	-99.2552849162011	0.4400696	2.87010055865922	0.4400662	20.9668040089087	0.4400768	-0.0431995540691193	
0.4600812	-104.734983240223	0.460062	2.45772067039106	0.4600602	20.9636302895323	0.4600705	-0.043422519509476	
0.4800688	-110.210379888268	0.4800492	1.96641340782123	0.4800467	20.9652338530067	0.480057	-0.0435897435897436	
0.5000626	-115.670502793296	0.5000452	1.42715083798883	0.5000406	20.8621380846325	0.5000515	-0.0436231884057971	
0.5200056	-121.137765363128	0.520003	0.177620111731844	0.5200005	20.8317260579065	0.5200109	-0.0437346711259755	
0.5399995	-126.688603351955	0.5399998	0.119854748603352	0.5399972	20.7764810690423	0.540006	-0.0439687848383501	
0.5600258	-132.212625698324	0.5600243	0.0153966480446927	0.560021	20.7207349665924	0.5600314	-0.0441025641025641	
0.5800487	-137.682011173184	0.580045	0.0016536312849162	0.5800443	20.6763919821826	0.580054	-0.0441694537346711	
0.600071	-143.152960893855	0.6000706	0.000748603351955307	0.6000659	20.6945211581292	0.6000754	-0.0441248606465998	
0.620054	-148.627262569832	0.6200503	-0.000268156424581006	0.6200486	20.6151781737194	0.6200563	-0.0441248606465998	
0.6400765	-154.171955307263	0.6400751	-0.00136312849162011	0.6400706	20.4976391982183	0.6400804	-0.0442920847268673	
0.6600966	-159.759553072626	0.660098	-0.00253631284916201	0.6600919	20.4448886414254	0.6601028	-0.0444816053511706	
0.6801138	-165.254748603352	0.6801145	-0.00374301675977654	0.6801084	20.4175501113586	0.6801176	-0.0446376811594203	
0.7001109	-170.694972067039	0.7001173	-0.00499441340782123	0.7001045	20.3369265033408	0.7001151	-0.044659977703456	
0.7201046	-176.217653631285	0.7201103	-0.00629050279329609	0.7200967	20.1583296213808	0.7201083	-0.0446822742474916	
0.7400649	-181.873966480447	0.740072	-0.00762011173184358	0.7400578	19.9642093541203	0.7400693	-0.044726867335563	
0.7600517	-187.509832402235	0.7600618	-0.00897206703910615	0.7600452	19.8451781737194	0.7600558	-0.0448383500557414	
0.7800443	-193.044357541899	0.780007	-0.0103463687150838	0.7800374	19.6759799554566	0.7800485	-0.0449275362318841	
0.8000395	-198.584245810056	0.800049	-8.86387709497207	0.800033	19.364276169265	0.8000429	-0.0449498327759197	
0.8200463	-204.170167597765	0.8200566	-10.0354301675978	0.8200402	18.994710467706	0.8200495	-0.0450167224080268	
0.8400348	-209.922346368715	0.8400375	-152.489497206704	0.8400268	18.702438752784	0.8400388	-0.0451505016722408	
0.8600583	-215.779329608939	0.8600602	-143.990167597765	0.8600524	18.2974944320713	0.8600621	-0.0452619843924192	
0.8800799	-221.634636871508	0.8800812	-143.148715083799	0.880073	17.7098663697105	0.8800837	-0.0453177257525084	
0.9000944	-227.508379888268	0.9000944	-144.150167597765	0.9000883	17.0722383073497	0.9000984	-0.0454626532887402	
0.9201187	-233.474301675978	0.9201184	-146.586703910615	0.9201109	16.344855233853	0.9201221	-0.0456410256410256	
0.9401412	-239.646815642458	0.9401414	-150.182569832402	0.9401353	15.3538084632517	0.9401445	-0.0456633221850613	
0.9601176	-246.024357541899	0.9601179	-154.327150837989	0.9601124	14.159276169265	0.9601213	-0.0456075808249721	
0.980116	-252.582569832402	0.9801154	-159.261229050279	0.9801115	12.9345100222717	0.9801194	-0.0455518394648829	
1.000113	-259.336201117318	1.000112	-164.794525139665	1.000108	11.5129064587973	1.000116	-0.0457636566332218	
1.020104	-266.321899441341	1.020104	-170.520335195531	1.020103	12.5218040089087	1.020107	-0.0459308807134894	
1.040101	-273.585810055866	1.0401	-176.504357541899	1.040096	5.27514476614699	1.040105	-0.0459643255295429	
1.060064	-281.167597765363	1.060064	-182.923463687151	1.060058	5.90158129175947	1.060067	-0.0459531772575251	
1.080061	-289.043798882682	1.080062	-190.046480446927	1.080058	1.46021158129176	1.080065	-0.0459977703455964	
1.100079	-297.220111731844	1.100078	-196.943687150838	1.100072	-1.73530066815145	1.100081	-0.0460758082497213	
1.120097	-305.727709497207	1.120096	-203.949497206704	1.120092	-4.91628062360802	1.1201	-0.0462430323299888	
1.140117	-314.565363128492	1.140118	-210.993966480447	1.140115	-8.03624721603563	1.140121	-0.0463545150501672	
1.16013	-323.713519553073	1.16013	-218.410502793296	1.16013	-13.6903897550111	1.160133	-0.0462653288740245	
1.180118	-333.138212290503	1.180117	-225.811396648045	1.180111	-16.7259465478842	1.180119	-0.046298773690078	
1.200139	-342.85530726257	1.200137	-233.492960893855	1.200138	-21.291714922049	1.20014	-0.0464437012263099	
16:06:15 apr  30 2024	comment made with measurement 1

hysteresis


---------------------------------------------------------------------------
